
#
#Feature symbol names
#
$0 r47.240

#
#Layer features
#
L 0.10039 0.08465 0.1515700000 0.08465 0 P 9504
L 0.10039 0.54528 0.1515700000 0.54528 0 P 9504
L 1.97047 0.54528 2.02165 0.54528 0 P 9504
L 1.97047 0.08465 2.02165 0.08465 0 P 9504
L 1.97047 0.73425 2.02165 0.73425 0 P 9504
L 1.97047 1.19488 2.02165 1.19488 0 P 9504
L 1.97047 1.3838600000 2.02165 1.3838600000 0 P 9504
L 1.97047 1.84449 2.02165 1.84449 0 P 9504
L 1.97047 2.033460000 2.02165 2.033460000 0 P 9504
L 0.10039 2.033460000 0.1515700000 2.033460000 0 P 9504
L 0.10039 1.84449 0.1515700000 1.84449 0 P 9504
L 0.10039 1.3838600000 0.1515700000 1.3838600000 0 P 9504
L 0.10039 1.19488 0.1515700000 1.19488 0 P 9504
L 0.10039 0.73425 0.1515700000 0.73425 0 P 9504
L 0.10039 2.4941 0.1515700000 2.4941 0 P 9504
L 0.10039 2.68307 0.1515700000 2.68307 0 P 9504
L 0.10039 3.1437 0.1515700000 3.1437 0 P 9504
L 0.10039 3.33268 0.1515700000 3.33268 0 P 9504
L 1.97047 3.33268 2.02165 3.33268 0 P 9504
L 1.97047 3.1437 2.02165 3.1437 0 P 9504
L 1.97047 2.68307 2.02165 2.68307 0 P 9504
L 1.97047 2.4941 2.02165 2.4941 0 P 9504
L 1.97047 3.79331 2.02165 3.79331 0 P 9504
L 0.10039 3.79331 0.1515700000 3.79331 0 P 9504
