
#
#Feature symbol names
#
$0 r9.84
$1 r10

#
#Layer features
#
L 0 3.23819 4.2322800000 3.23819 0 P 23
L 0 2.58858 4.2322800000 2.58858 0 P 23
L 0 1.93898 4.2322800000 1.93898 0 P 23
L 0 0.63976 4.24213 0.63976 0 P 23
L 0 1.28937000 4.24213 1.28937000 0 P 23
L 1.86024 0 1.86024 4.24213 0 P 23
L 4.2815 3.26864 4.2815 3.2286600000 1 P 31
L 4.2815 3.2286600000 4.3014900000 3.20866 1 P 31
L 4.3014900000 3.20866 4.3214800000 3.2286600000 1 P 31
L 4.3214800000 3.2286600000 4.3214800000 3.26864 1 P 31
L 4.34148 3.23865 4.38146000 3.23865 1 P 31
L 4.4414400000 3.25865 4.43145 3.26864 1 P 31
L 4.43145 3.26864 4.4114500000 3.26864 1 P 31
L 4.4114500000 3.26864 4.40146 3.25865 1 P 31
L 4.40146 3.25865 4.40146 3.21866 1 P 31
L 4.40146 3.21866 4.4114500000 3.20866 1 P 31
L 4.4114500000 3.20866 4.43145 3.20866 1 P 31
L 4.43145 3.20866 4.4414400000 3.21866 1 P 31
L 4.4414400000 3.21866 4.4414400000 3.23865 1 P 31
L 4.4414400000 3.23865 4.42145 3.23865 1 P 31
L 4.46144000 3.20866 4.46144000 3.26864 1 P 31
L 4.46144000 3.26864 4.49143 3.26864 1 P 31
L 4.49143 3.26864 4.50142 3.25865 1 P 31
L 4.50142 3.25865 4.50142 3.23865 1 P 31
L 4.50142 3.23865 4.49143 3.2286600000 1 P 31
L 4.49143 3.2286600000 4.46144000 3.2286600000 1 P 31
L 4.48143 3.2286600000 4.50142 3.20866 1 P 31
L 4.55141 3.26864 4.53141 3.26864 1 P 31
L 4.53141 3.26864 4.52142 3.25865 1 P 31
L 4.52142 3.25865 4.52142 3.21866 1 P 31
L 4.52142 3.21866 4.53141 3.20866 1 P 31
L 4.53141 3.20866 4.55141 3.20866 1 P 31
L 4.55141 3.20866 4.5614100000 3.21866 1 P 31
L 4.5614100000 3.21866 4.5614100000 3.25865 1 P 31
L 4.5614100000 3.25865 4.55141 3.26864 1 P 31
L 4.61139 3.26864 4.5914000000 3.26864 1 P 31
L 4.5914000000 3.26864 4.5814000000 3.25865 1 P 31
L 4.5814000000 3.25865 4.5814000000 3.21866 1 P 31
L 4.5814000000 3.21866 4.5914000000 3.20866 1 P 31
L 4.5914000000 3.20866 4.61139 3.20866 1 P 31
L 4.61139 3.20866 4.62139 3.21866 1 P 31
L 4.62139 3.21866 4.62139 3.25865 1 P 31
L 4.62139 3.25865 4.61139 3.26864 1 P 31
L 4.64138 3.26864 4.64138 3.2286600000 1 P 31
L 4.64138 3.2286600000 4.66137 3.20866 1 P 31
L 4.66137 3.20866 4.68137 3.2286600000 1 P 31
L 4.68137 3.2286600000 4.68137 3.26864 1 P 31
L 4.74135 3.26864 4.7013600000 3.26864 1 P 31
L 4.7013600000 3.26864 4.7013600000 3.20866 1 P 31
L 4.7013600000 3.20866 4.74135 3.20866 1 P 31
L 4.7013600000 3.23865 4.72135 3.23865 1 P 31
L 4.2815 2.61904 4.2815 2.57905 1 P 31
L 4.2815 2.57905 4.3014900000 2.55906 1 P 31
L 4.3014900000 2.55906 4.3214800000 2.57905 1 P 31
L 4.3214800000 2.57905 4.3214800000 2.61904 1 P 31
L 4.34148 2.58905 4.38146000 2.58905 1 P 31
L 4.4414400000 2.6090400000 4.43145 2.61904 1 P 31
L 4.43145 2.61904 4.4114500000 2.61904 1 P 31
L 4.4114500000 2.61904 4.40146 2.6090400000 1 P 31
L 4.40146 2.6090400000 4.40146 2.56905 1 P 31
L 4.40146 2.56905 4.4114500000 2.55906 1 P 31
L 4.4114500000 2.55906 4.43145 2.55906 1 P 31
L 4.43145 2.55906 4.4414400000 2.56905 1 P 31
L 4.4414400000 2.56905 4.4414400000 2.58905 1 P 31
L 4.4414400000 2.58905 4.42145 2.58905 1 P 31
L 4.46144000 2.55906 4.46144000 2.61904 1 P 31
L 4.46144000 2.61904 4.49143 2.61904 1 P 31
L 4.49143 2.61904 4.50142 2.6090400000 1 P 31
L 4.50142 2.6090400000 4.50142 2.58905 1 P 31
L 4.50142 2.58905 4.49143 2.57905 1 P 31
L 4.49143 2.57905 4.46144000 2.57905 1 P 31
L 4.48143 2.57905 4.50142 2.55906 1 P 31
L 4.55141 2.61904 4.53141 2.61904 1 P 31
L 4.53141 2.61904 4.52142 2.6090400000 1 P 31
L 4.52142 2.6090400000 4.52142 2.56905 1 P 31
L 4.52142 2.56905 4.53141 2.55906 1 P 31
L 4.53141 2.55906 4.55141 2.55906 1 P 31
L 4.55141 2.55906 4.5614100000 2.56905 1 P 31
L 4.5614100000 2.56905 4.5614100000 2.6090400000 1 P 31
L 4.5614100000 2.6090400000 4.55141 2.61904 1 P 31
L 4.61139 2.61904 4.5914000000 2.61904 1 P 31
L 4.5914000000 2.61904 4.5814000000 2.6090400000 1 P 31
L 4.5814000000 2.6090400000 4.5814000000 2.56905 1 P 31
L 4.5814000000 2.56905 4.5914000000 2.55906 1 P 31
L 4.5914000000 2.55906 4.61139 2.55906 1 P 31
L 4.61139 2.55906 4.62139 2.56905 1 P 31
L 4.62139 2.56905 4.62139 2.6090400000 1 P 31
L 4.62139 2.6090400000 4.61139 2.61904 1 P 31
L 4.64138 2.61904 4.64138 2.57905 1 P 31
L 4.64138 2.57905 4.66137 2.55906 1 P 31
L 4.66137 2.55906 4.68137 2.57905 1 P 31
L 4.68137 2.57905 4.68137 2.61904 1 P 31
L 4.74135 2.61904 4.7013600000 2.61904 1 P 31
L 4.7013600000 2.61904 4.7013600000 2.55906 1 P 31
L 4.7013600000 2.55906 4.74135 2.55906 1 P 31
L 4.7013600000 2.58905 4.72135 2.58905 1 P 31
L 4.2716500000 1.96943 4.2716500000 1.92944 1 P 31
L 4.2716500000 1.92944 4.291650000 1.90945 1 P 31
L 4.291650000 1.90945 4.31164 1.92944 1 P 31
L 4.31164 1.92944 4.31164 1.96943 1 P 31
L 4.33163 1.93944 4.37162 1.93944 1 P 31
L 4.4316 1.95943 4.4216100000 1.96943 1 P 31
L 4.4216100000 1.96943 4.40161 1.96943 1 P 31
L 4.40161 1.96943 4.39161 1.95943 1 P 31
L 4.39161 1.95943 4.39161 1.91945 1 P 31
L 4.39161 1.91945 4.40161 1.90945 1 P 31
L 4.40161 1.90945 4.4216100000 1.90945 1 P 31
L 4.4216100000 1.90945 4.4316 1.91945 1 P 31
L 4.4316 1.91945 4.4316 1.93944 1 P 31
L 4.4316 1.93944 4.4116100000 1.93944 1 P 31
L 4.45159 1.90945 4.45159 1.96943 1 P 31
L 4.45159 1.96943 4.48159 1.96943 1 P 31
L 4.48159 1.96943 4.49158 1.95943 1 P 31
L 4.49158 1.95943 4.49158 1.93944 1 P 31
L 4.49158 1.93944 4.48159 1.92944 1 P 31
L 4.48159 1.92944 4.45159 1.92944 1 P 31
L 4.47159 1.92944 4.49158 1.90945 1 P 31
L 4.54157 1.96943 4.52157000 1.96943 1 P 31
L 4.52157000 1.96943 4.51158 1.95943 1 P 31
L 4.51158 1.95943 4.51158 1.91945 1 P 31
L 4.51158 1.91945 4.52157000 1.90945 1 P 31
L 4.52157000 1.90945 4.54157 1.90945 1 P 31
L 4.54157 1.90945 4.55156 1.91945 1 P 31
L 4.55156 1.91945 4.55156 1.95943 1 P 31
L 4.55156 1.95943 4.54157 1.96943 1 P 31
L 4.60155 1.96943 4.58155 1.96943 1 P 31
L 4.58155 1.96943 4.57156 1.95943 1 P 31
L 4.57156 1.95943 4.57156 1.91945 1 P 31
L 4.57156 1.91945 4.58155 1.90945 1 P 31
L 4.58155 1.90945 4.60155 1.90945 1 P 31
L 4.60155 1.90945 4.61154 1.91945 1 P 31
L 4.61154 1.91945 4.61154 1.95943 1 P 31
L 4.61154 1.95943 4.60155 1.96943 1 P 31
L 4.63154 1.96943 4.63154 1.92944 1 P 31
L 4.63154 1.92944 4.65153 1.90945 1 P 31
L 4.65153 1.90945 4.67152 1.92944 1 P 31
L 4.67152 1.92944 4.67152 1.96943 1 P 31
L 4.7315000000 1.96943 4.69152 1.96943 1 P 31
L 4.69152 1.96943 4.69152 1.90945 1 P 31
L 4.69152 1.90945 4.7315000000 1.90945 1 P 31
L 4.69152 1.93944 4.71151 1.93944 1 P 31
L 4.2815 0.67022 4.2815 0.63023 1 P 31
L 4.2815 0.63023 4.3014900000 0.61024 1 P 31
L 4.3014900000 0.61024 4.3214800000 0.63023 1 P 31
L 4.3214800000 0.63023 4.3214800000 0.67022 1 P 31
L 4.34148 0.64023 4.38146000 0.64023 1 P 31
L 4.4414400000 0.66022 4.43145 0.67022 1 P 31
L 4.43145 0.67022 4.4114500000 0.67022 1 P 31
L 4.4114500000 0.67022 4.40146 0.66022 1 P 31
L 4.40146 0.66022 4.40146 0.62023 1 P 31
L 4.40146 0.62023 4.4114500000 0.61024 1 P 31
L 4.4114500000 0.61024 4.43145 0.61024 1 P 31
L 4.43145 0.61024 4.4414400000 0.62023 1 P 31
L 4.4414400000 0.62023 4.4414400000 0.64023 1 P 31
L 4.4414400000 0.64023 4.42145 0.64023 1 P 31
L 4.46144000 0.61024 4.46144000 0.67022 1 P 31
L 4.46144000 0.67022 4.49143 0.67022 1 P 31
L 4.49143 0.67022 4.50142 0.66022 1 P 31
L 4.50142 0.66022 4.50142 0.64023 1 P 31
L 4.50142 0.64023 4.49143 0.63023 1 P 31
L 4.49143 0.63023 4.46144000 0.63023 1 P 31
L 4.48143 0.63023 4.50142 0.61024 1 P 31
L 4.55141 0.67022 4.53141 0.67022 1 P 31
L 4.53141 0.67022 4.52142 0.66022 1 P 31
L 4.52142 0.66022 4.52142 0.62023 1 P 31
L 4.52142 0.62023 4.53141 0.61024 1 P 31
L 4.53141 0.61024 4.55141 0.61024 1 P 31
L 4.55141 0.61024 4.5614100000 0.62023 1 P 31
L 4.5614100000 0.62023 4.5614100000 0.66022 1 P 31
L 4.5614100000 0.66022 4.55141 0.67022 1 P 31
L 4.61139 0.67022 4.5914000000 0.67022 1 P 31
L 4.5914000000 0.67022 4.5814000000 0.66022 1 P 31
L 4.5814000000 0.66022 4.5814000000 0.62023 1 P 31
L 4.5814000000 0.62023 4.5914000000 0.61024 1 P 31
L 4.5914000000 0.61024 4.61139 0.61024 1 P 31
L 4.61139 0.61024 4.62139 0.62023 1 P 31
L 4.62139 0.62023 4.62139 0.66022 1 P 31
L 4.62139 0.66022 4.61139 0.67022 1 P 31
L 4.64138 0.67022 4.64138 0.63023 1 P 31
L 4.64138 0.63023 4.66137 0.61024 1 P 31
L 4.66137 0.61024 4.68137 0.63023 1 P 31
L 4.68137 0.63023 4.68137 0.67022 1 P 31
L 4.74135 0.67022 4.7013600000 0.67022 1 P 31
L 4.7013600000 0.67022 4.7013600000 0.61024 1 P 31
L 4.7013600000 0.61024 4.74135 0.61024 1 P 31
L 4.7013600000 0.64023 4.72135 0.64023 1 P 31
L 4.29134 1.31982 4.29134 1.2798400000 1 P 31
L 4.29134 1.2798400000 4.31133 1.2598400000 1 P 31
L 4.31133 1.2598400000 4.33133 1.2798400000 1 P 31
L 4.33133 1.2798400000 4.33133 1.31982 1 P 31
L 4.3513200000 1.28983 4.39131 1.28983 1 P 31
L 4.45129 1.3098300000 4.44129 1.31982 1 P 31
L 4.44129 1.31982 4.4213 1.31982 1 P 31
L 4.4213 1.31982 4.4113 1.3098300000 1 P 31
L 4.4113 1.3098300000 4.4113 1.2698400000 1 P 31
L 4.4113 1.2698400000 4.4213 1.2598400000 1 P 31
L 4.4213 1.2598400000 4.44129 1.2598400000 1 P 31
L 4.44129 1.2598400000 4.45129 1.2698400000 1 P 31
L 4.45129 1.2698400000 4.45129 1.28983 1 P 31
L 4.45129 1.28983 4.43129 1.28983 1 P 31
L 4.47128 1.2598400000 4.47128 1.31982 1 P 31
L 4.47128 1.31982 4.50127 1.31982 1 P 31
L 4.50127 1.31982 4.51127 1.3098300000 1 P 31
L 4.51127 1.3098300000 4.51127 1.28983 1 P 31
L 4.51127 1.28983 4.50127 1.2798400000 1 P 31
L 4.50127 1.2798400000 4.47128 1.2798400000 1 P 31
L 4.49127 1.2798400000 4.51127 1.2598400000 1 P 31
L 4.56125 1.31982 4.54126 1.31982 1 P 31
L 4.54126 1.31982 4.53126 1.3098300000 1 P 31
L 4.53126 1.3098300000 4.53126 1.2698400000 1 P 31
L 4.53126 1.2698400000 4.54126 1.2598400000 1 P 31
L 4.54126 1.2598400000 4.56125 1.2598400000 1 P 31
L 4.56125 1.2598400000 4.57125 1.2698400000 1 P 31
L 4.57125 1.2698400000 4.57125 1.3098300000 1 P 31
L 4.57125 1.3098300000 4.56125 1.31982 1 P 31
L 4.62123 1.31982 4.60124 1.31982 1 P 31
L 4.60124 1.31982 4.59124 1.3098300000 1 P 31
L 4.59124 1.3098300000 4.59124 1.2698400000 1 P 31
L 4.59124 1.2698400000 4.60124 1.2598400000 1 P 31
L 4.60124 1.2598400000 4.62123 1.2598400000 1 P 31
L 4.62123 1.2598400000 4.6312300000 1.2698400000 1 P 31
L 4.6312300000 1.2698400000 4.6312300000 1.3098300000 1 P 31
L 4.6312300000 1.3098300000 4.62123 1.31982 1 P 31
L 4.65122 1.31982 4.65122 1.2798400000 1 P 31
L 4.65122 1.2798400000 4.67122 1.2598400000 1 P 31
L 4.67122 1.2598400000 4.69121 1.2798400000 1 P 31
L 4.69121 1.2798400000 4.69121 1.31982 1 P 31
L 4.7511900000 1.31982 4.7112 1.31982 1 P 31
L 4.7112 1.31982 4.7112 1.2598400000 1 P 31
L 4.7112 1.2598400000 4.7511900000 1.2598400000 1 P 31
L 4.7112 1.28983 4.7312000000 1.28983 1 P 31
L 1.82978 4.2815 1.86977 4.2815 1 P 31
L 1.86977 4.2815 1.88976 4.3014900000 1 P 31
L 1.88976 4.3014900000 1.86977 4.3214800000 1 P 31
L 1.86977 4.3214800000 1.82978 4.3214800000 1 P 31
L 1.85977 4.34148 1.85977 4.38146000 1 P 31
L 1.83978 4.4414400000 1.82978 4.43145 1 P 31
L 1.82978 4.43145 1.82978 4.4114500000 1 P 31
L 1.82978 4.4114500000 1.83978 4.40146 1 P 31
L 1.83978 4.40146 1.87977 4.40146 1 P 31
L 1.87977 4.40146 1.88976 4.4114500000 1 P 31
L 1.88976 4.4114500000 1.88976 4.43145 1 P 31
L 1.88976 4.43145 1.87977 4.4414400000 1 P 31
L 1.87977 4.4414400000 1.85977 4.4414400000 1 P 31
L 1.85977 4.4414400000 1.85977 4.42145 1 P 31
L 1.88976 4.46144000 1.82978 4.46144000 1 P 31
L 1.82978 4.46144000 1.82978 4.49143 1 P 31
L 1.82978 4.49143 1.83978 4.50142 1 P 31
L 1.83978 4.50142 1.85977 4.50142 1 P 31
L 1.85977 4.50142 1.86977 4.49143 1 P 31
L 1.86977 4.49143 1.86977 4.46144000 1 P 31
L 1.86977 4.48143 1.88976 4.50142 1 P 31
L 1.82978 4.55141 1.82978 4.53141 1 P 31
L 1.82978 4.53141 1.83978 4.52142 1 P 31
L 1.83978 4.52142 1.87977 4.52142 1 P 31
L 1.87977 4.52142 1.88976 4.53141 1 P 31
L 1.88976 4.53141 1.88976 4.55141 1 P 31
L 1.88976 4.55141 1.87977 4.5614100000 1 P 31
L 1.87977 4.5614100000 1.83978 4.5614100000 1 P 31
L 1.83978 4.5614100000 1.82978 4.55141 1 P 31
L 1.82978 4.61139 1.82978 4.5914000000 1 P 31
L 1.82978 4.5914000000 1.83978 4.5814000000 1 P 31
L 1.83978 4.5814000000 1.87977 4.5814000000 1 P 31
L 1.87977 4.5814000000 1.88976 4.5914000000 1 P 31
L 1.88976 4.5914000000 1.88976 4.61139 1 P 31
L 1.88976 4.61139 1.87977 4.62139 1 P 31
L 1.87977 4.62139 1.83978 4.62139 1 P 31
L 1.83978 4.62139 1.82978 4.61139 1 P 31
L 1.82978 4.64138 1.86977 4.64138 1 P 31
L 1.86977 4.64138 1.88976 4.66137 1 P 31
L 1.88976 4.66137 1.86977 4.68137 1 P 31
L 1.86977 4.68137 1.82978 4.68137 1 P 31
L 1.82978 4.74135 1.82978 4.7013600000 1 P 31
L 1.82978 4.7013600000 1.88976 4.7013600000 1 P 31
L 1.88976 4.7013600000 1.88976 4.74135 1 P 31
L 1.85977 4.7013600000 1.85977 4.72135 1 P 31
