
#
#Feature symbol names
#
$0 r9.84

#
#Layer features
#
L 0 0 0 3.87795 0 P 23
L 0 3.87795 3.720470000 3.87795 0 P 23
L 3.720470000 0 3.720470000 3.87795 0 P 23
L 0 0 3.720470000 0 0 P 23
L 0 0 1.85039 0 0 P 23
L 1.85039 0 1.85039 0.6299200000 0 P 23
L 0 0 0 0.6299200000 0 P 23
L 0 0.6299200000 1.85039 0.6299200000 0 P 23
L 1.87008 0 3.720470000 0 0 P 23
L 3.720470000 0 3.720470000 0.6299200000 0 P 23
L 1.87008 0 1.87008 0.6299200000 0 P 23
L 1.87008 0.6299200000 3.720470000 0.6299200000 0 P 23
L 0 0.64961 1.85039 0.64961 0 P 23
L 1.85039 0.64961 1.85039 1.27953 0 P 23
L 0 0.64961 0 1.27953 0 P 23
L 0 1.27953 1.85039 1.27953 0 P 23
L 1.87008 0.64961 3.720470000 0.64961 0 P 23
L 3.720470000 0.64961 3.720470000 1.27953 0 P 23
L 1.87008 0.64961 1.87008 1.27953 0 P 23
L 1.87008 1.27953 3.720470000 1.27953 0 P 23
L 0 1.29921 1.85039 1.29921 0 P 23
L 1.85039 1.29921 1.85039 1.92913 0 P 23
L 0 1.29921 0 1.92913 0 P 23
L 0 1.92913 1.85039 1.92913 0 P 23
L 1.87008 1.29921 3.720470000 1.29921 0 P 23
L 3.720470000 1.29921 3.720470000 1.92913 0 P 23
L 1.87008 1.29921 1.87008 1.92913 0 P 23
L 1.87008 1.92913 3.720470000 1.92913 0 P 23
L 0 1.94882 1.85039 1.94882 0 P 23
L 1.85039 1.94882 1.85039 2.57874000 0 P 23
L 0 1.94882 0 2.57874000 0 P 23
L 0 2.57874000 1.85039 2.57874000 0 P 23
L 1.87008 1.94882 3.720470000 1.94882 0 P 23
L 3.720470000 1.94882 3.720470000 2.57874000 0 P 23
L 1.87008 1.94882 1.87008 2.57874000 0 P 23
L 1.87008 2.57874000 3.720470000 2.57874000 0 P 23
L 0 2.59842 1.85039 2.59842 0 P 23
L 1.85039 2.59842 1.85039 3.22835 0 P 23
L 0 2.59842 0 3.22835 0 P 23
L 0 3.22835 1.85039 3.22835 0 P 23
L 1.87008 2.59842 3.720470000 2.59842 0 P 23
L 3.720470000 2.59842 3.720470000 3.22835 0 P 23
L 1.87008 2.59842 1.87008 3.22835 0 P 23
L 1.87008 3.22835 3.720470000 3.22835 0 P 23
L 0 3.24803 1.85039 3.24803 0 P 23
L 1.85039 3.24803 1.85039 3.87795 0 P 23
L 0 3.24803 0 3.87795 0 P 23
L 0 3.87795 1.85039 3.87795 0 P 23
L 1.87008 3.24803 3.720470000 3.24803 0 P 23
L 3.720470000 3.24803 3.720470000 3.87795 0 P 23
L 1.87008 3.24803 1.87008 3.87795 0 P 23
L 1.87008 3.87795 3.720470000 3.87795 0 P 23
