
#
#Feature symbol names
#
$0 r11.810
$1 r31.5
$2 r35.43
$3 r43.31

#
#Layer features
#
P 0.36102 0.13425 0 P 9500 0
P 0.46575 0.13425 0 P 9500 0
P 0.50098 0.2628 0 P 9500 0
P 0.441340000 0.3728400000 0 P 9500 0
P 0.38858 0.32677 0 P 9500 0
P 0.31998 0.4221500000 0 P 9500 0
P 0.50197 0.56024000 0 P 9500 0
P 0.60669 0.4815 0 P 9500 0
P 0.70551 0.4815 0 P 9500 0
P 0.7354300000 0.36693 0 P 9500 0
P 0.68937 0.29646 0 P 9500 0
P 0.60551 0.33504 0 P 9500 0
P 0.70866 0.1791300000 0 P 9500 0
P 0.74685 0.1811000000 0 P 9500 0
P 0.81772 0.25748 0 P 9500 0
P 0.91504 0.247320000 0 P 9500 0
P 1.0507900000 0.2126000000 0 P 9500 0
P 1.0507900000 0.1122 0 P 9500 0
P 1.0507900000 0.06221 0 P 9500 0
P 1.26535 0.06221 0 P 9500 0
P 1.2689 0.21339 0 P 9500 0
P 1.21181 0.19213 0 P 9500 0
P 1.21181 0.44882 0 P 9500 0
P 1.1126000000 0.44882 0 P 9500 0
P 1.06299 0.3700800000 0 P 9500 0
P 1.01299 0.41378 0 P 9500 0
P 0.914170000 0.4216500000 0 P 9500 0
P 0.871650000 0.45079 0 P 9500 0
P 0.96457 0.55748 0 P 9500 0
P 1.36496 0.55787 0 P 9500 0
P 1.31142 0.44882 0 P 9500 0
P 1.48583 0.40787 0 P 9500 0
P 1.48622 0.22638 0 P 9500 0
P 1.53347 0.13976 0 P 9500 0
P 1.3996100000 0.1122 0 P 9500 0
P 1.5748 0.3149600000 0 P 9500 0
P 2.25866 0.32677 0 P 9500 0
P 2.31142 0.3728400000 0 P 9500 0
P 2.37106 0.2628 0 P 9500 0
P 2.33583 0.13425 0 P 9500 0
P 2.2311 0.13425 0 P 9500 0
P 2.19006 0.4221500000 0 P 9500 0
P 2.37205 0.56024000 0 P 9500 0
P 2.47677 0.4815 0 P 9500 0
P 2.57559 0.4815 0 P 9500 0
P 2.60551 0.36693 0 P 9500 0
P 2.55945 0.29646 0 P 9500 0
P 2.47559 0.33504 0 P 9500 0
P 2.57874000 0.1791300000 0 P 9500 0
P 2.61693 0.1811000000 0 P 9500 0
P 2.68779 0.25748 0 P 9500 0
P 2.78512 0.247320000 0 P 9500 0
P 2.92087 0.2126000000 0 P 9500 0
P 2.92087 0.1122 0 P 9500 0
P 2.92087 0.06221 0 P 9500 0
P 3.13543 0.06221 0 P 9500 0
P 3.13898 0.21339 0 P 9500 0
P 3.08189 0.19213 0 P 9500 0
P 3.08189 0.44882 0 P 9500 0
P 2.9826800000 0.44882 0 P 9500 0
P 2.93307 0.3700800000 0 P 9500 0
P 2.88307 0.41378 0 P 9500 0
P 2.78425 0.4216500000 0 P 9500 0
P 2.74173 0.45079 0 P 9500 0
P 2.83465 0.55748 0 P 9500 0
P 3.23504 0.55787 0 P 9500 0
P 3.1815 0.44882 0 P 9500 0
P 3.3559100000 0.40787 0 P 9500 0
P 3.3563 0.22638 0 P 9500 0
P 3.40354 0.13976 0 P 9500 0
P 3.26969 0.1122 0 P 9500 0
P 3.44488 0.3149600000 0 P 9500 0
P 3.40354 0.78937 0 P 9500 0
P 3.3563 0.87598 0 P 9500 0
P 3.44488 0.96457 0 P 9500 0
P 3.3559100000 1.05748 0 P 9500 0
P 3.1815 1.09843 0 P 9500 0
P 3.08189 1.09843 0 P 9500 0
P 2.9826800000 1.09843 0 P 9500 0
P 2.93307 1.01969 0 P 9500 0
P 2.88307 1.06339 0 P 9500 0
P 2.78425 1.07126 0 P 9500 0
P 2.74173 1.10039 0 P 9500 0
P 2.57559 1.1311 0 P 9500 0
P 2.47677 1.1311 0 P 9500 0
P 2.47559 0.98465 0 P 9500 0
P 2.55945 0.9460600000 0 P 9500 0
P 2.60551 1.01654 0 P 9500 0
P 2.68779 0.90709 0 P 9500 0
P 2.78512 0.89693 0 P 9500 0
P 2.92087 0.86221 0 P 9500 0
P 2.92087 0.76181 0 P 9500 0
P 2.92087 0.7118100000 0 P 9500 0
P 3.13543 0.7118100000 0 P 9500 0
P 3.13898 0.86299 0 P 9500 0
P 3.08189 0.84173 0 P 9500 0
P 3.26969 0.76181 0 P 9500 0
P 3.23504 1.20748 0 P 9500 0
P 3.26969 1.41142 0 P 9500 0
P 3.40354 1.43898 0 P 9500 0
P 3.3563 1.52559 0 P 9500 0
P 3.44488 1.61417 0 P 9500 0
P 3.3559100000 1.70709 0 P 9500 0
P 3.1815 1.74803 0 P 9500 0
P 3.08189 1.74803 0 P 9500 0
P 2.9826800000 1.74803 0 P 9500 0
P 2.93307 1.66929 0 P 9500 0
P 2.88307 1.71299 0 P 9500 0
P 2.78425 1.72087 0 P 9500 0
P 2.74173 1.75 0 P 9500 0
P 2.57559 1.78071 0 P 9500 0
P 2.47677 1.78071 0 P 9500 0
P 2.47559 1.63425 0 P 9500 0
P 2.55945 1.59567 0 P 9500 0
P 2.60551 1.66614 0 P 9500 0
P 2.68779 1.55669 0 P 9500 0
P 2.78512 1.54654 0 P 9500 0
P 2.92087 1.5118100000 0 P 9500 0
P 2.92087 1.41142 0 P 9500 0
P 2.92087 1.36142 0 P 9500 0
P 3.13543 1.36142 0 P 9500 0
P 3.13898 1.5126 0 P 9500 0
P 3.08189 1.4913400000 0 P 9500 0
P 2.61693 1.48031 0 P 9500 0
P 2.57874000 1.4783500000 0 P 9500 0
P 2.33583 1.43347 0 P 9500 0
P 2.2311 1.43347 0 P 9500 0
P 2.25866 1.62598 0 P 9500 0
P 2.31142 1.67205 0 P 9500 0
P 2.37106 1.5620100000 0 P 9500 0
P 2.37205 1.85945 0 P 9500 0
P 2.33583 2.08307 0 P 9500 0
P 2.2311 2.08307 0 P 9500 0
P 2.57874000 2.1279500000 0 P 9500 0
P 2.61693 2.12992 0 P 9500 0
P 2.92087 2.06102 0 P 9500 0
P 2.92087 2.0110200000 0 P 9500 0
P 3.13543 2.0110200000 0 P 9500 0
P 3.26969 2.06102 0 P 9500 0
P 3.40354 2.088580 0 P 9500 0
P 3.23504 1.85709 0 P 9500 0
P 2.83465 1.85669 0 P 9500 0
P 2.83465 1.20709 0 P 9500 0
P 2.37205 1.20984 0 P 9500 0
P 2.31142 1.02244 0 P 9500 0
P 2.25866 0.97638 0 P 9500 0
P 2.19006 1.07175 0 P 9500 0
P 2.2311 0.78386 0 P 9500 0
P 2.33583 0.78386 0 P 9500 0
P 2.37106 0.9124 0 P 9500 0
P 2.57874000 0.82874 0 P 9500 0
P 2.61693 0.83071 0 P 9500 0
P 2.19006 1.72136 0 P 9500 0
P 1.48583 1.70709 0 P 9500 0
P 1.48622 1.52559 0 P 9500 0
P 1.53347 1.43898 0 P 9500 0
P 1.3996100000 1.41142 0 P 9500 0
P 1.26535 1.36142 0 P 9500 0
P 1.2689 1.5126 0 P 9500 0
P 1.21181 1.4913400000 0 P 9500 0
P 1.0507900000 1.5118100000 0 P 9500 0
P 1.0507900000 1.41142 0 P 9500 0
P 1.0507900000 1.36142 0 P 9500 0
P 0.96457 1.20709 0 P 9500 0
P 0.914170000 1.07126 0 P 9500 0
P 0.871650000 1.10039 0 P 9500 0
P 1.01299 1.06339 0 P 9500 0
P 1.06299 1.01969 0 P 9500 0
P 1.1126000000 1.09843 0 P 9500 0
P 1.21181 1.09843 0 P 9500 0
P 1.31142 1.09843 0 P 9500 0
P 1.36496 1.20748 0 P 9500 0
P 1.48583 1.05748 0 P 9500 0
P 1.48622 0.87598 0 P 9500 0
P 1.53347 0.78937 0 P 9500 0
P 1.3996100000 0.76181 0 P 9500 0
P 1.26535 0.7118100000 0 P 9500 0
P 1.2689 0.86299 0 P 9500 0
P 1.21181 0.84173 0 P 9500 0
P 1.0507900000 0.86221 0 P 9500 0
P 1.0507900000 0.76181 0 P 9500 0
P 1.0507900000 0.7118100000 0 P 9500 0
P 0.91504 0.89693 0 P 9500 0
P 0.81772 0.90709 0 P 9500 0
P 0.74685 0.83071 0 P 9500 0
P 0.70866 0.82874 0 P 9500 0
P 0.68937 0.9460600000 0 P 9500 0
P 0.7354300000 1.01654 0 P 9500 0
P 0.70551 1.1311 0 P 9500 0
P 0.60669 1.1311 0 P 9500 0
P 0.60551 0.98465 0 P 9500 0
P 0.70866 1.4783500000 0 P 9500 0
P 0.74685 1.48031 0 P 9500 0
P 0.81772 1.55669 0 P 9500 0
P 0.91504 1.54654 0 P 9500 0
P 0.914170000 1.72087 0 P 9500 0
P 0.871650000 1.75 0 P 9500 0
P 1.01299 1.71299 0 P 9500 0
P 1.06299 1.66929 0 P 9500 0
P 1.1126000000 1.74803 0 P 9500 0
P 1.21181 1.74803 0 P 9500 0
P 1.31142 1.74803 0 P 9500 0
P 1.36496 1.85709 0 P 9500 0
P 1.3996100000 2.06102 0 P 9500 0
P 1.53347 2.088580 0 P 9500 0
P 1.26535 2.0110200000 0 P 9500 0
P 1.0507900000 2.0110200000 0 P 9500 0
P 1.0507900000 2.06102 0 P 9500 0
P 0.96457 1.85669 0 P 9500 0
P 0.70551 1.78071 0 P 9500 0
P 0.60669 1.78071 0 P 9500 0
P 0.60551 1.63425 0 P 9500 0
P 0.68937 1.59567 0 P 9500 0
P 0.7354300000 1.66614 0 P 9500 0
P 0.74685 2.12992 0 P 9500 0
P 0.70866 2.1279500000 0 P 9500 0
P 1.5748 1.61417 0 P 9500 0
P 1.5748 0.96457 0 P 9500 0
P 0.50098 0.9124 0 P 9500 0
P 0.46575 0.78386 0 P 9500 0
P 0.36102 0.78386 0 P 9500 0
P 0.38858 0.97638 0 P 9500 0
P 0.441340000 1.02244 0 P 9500 0
P 0.31998 1.07175 0 P 9500 0
P 0.50197 1.20984 0 P 9500 0
P 0.46575 1.43347 0 P 9500 0
P 0.36102 1.43347 0 P 9500 0
P 0.38858 1.62598 0 P 9500 0
P 0.441340000 1.67205 0 P 9500 0
P 0.50098 1.5620100000 0 P 9500 0
P 0.50197 1.85945 0 P 9500 0
P 0.46575 2.08307 0 P 9500 0
P 0.36102 2.08307 0 P 9500 0
P 0.31998 1.72136 0 P 9500 0
P 0.38858 2.27559 0 P 9500 0
P 0.441340000 2.32165 0 P 9500 0
P 0.50098 2.21161 0 P 9500 0
P 0.50197 2.50905 0 P 9500 0
P 0.46575 2.7326800000 0 P 9500 0
P 0.36102 2.7326800000 0 P 9500 0
P 0.38858 2.9252000000 0 P 9500 0
P 0.441340000 2.97126 0 P 9500 0
P 0.50098 2.86122 0 P 9500 0
P 0.50197 3.1586600000 0 P 9500 0
P 0.46575 3.38228 0 P 9500 0
P 0.36102 3.38228 0 P 9500 0
P 0.38858 3.5748 0 P 9500 0
P 0.441340000 3.62087 0 P 9500 0
P 0.50098 3.51083 0 P 9500 0
P 0.31998 3.67018 0 P 9500 0
P 0.31998 3.02057 0 P 9500 0
P 0.31998 2.37096 0 P 9500 0
P 0.60669 2.43032 0 P 9500 0
P 0.70551 2.43032 0 P 9500 0
P 0.7354300000 2.31575 0 P 9500 0
P 0.68937 2.24528 0 P 9500 0
P 0.60551 2.28386 0 P 9500 0
P 0.81772 2.2063 0 P 9500 0
P 0.91504 2.1961400000 0 P 9500 0
P 1.0507900000 2.16142 0 P 9500 0
P 1.06299 2.3189 0 P 9500 0
P 1.01299 2.3626 0 P 9500 0
P 0.914170000 2.3704700000 0 P 9500 0
P 0.871650000 2.39961 0 P 9500 0
P 0.96457 2.5063 0 P 9500 0
P 1.0507900000 2.66063 0 P 9500 0
P 1.0507900000 2.71063 0 P 9500 0
P 1.0507900000 2.81102 0 P 9500 0
P 1.06299 2.9685 0 P 9500 0
P 1.01299 3.0122 0 P 9500 0
P 0.914170000 3.02008 0 P 9500 0
P 0.871650000 3.04921 0 P 9500 0
P 0.70551 3.07992 0 P 9500 0
P 0.60669 3.07992 0 P 9500 0
P 0.60551 2.9334700000 0 P 9500 0
P 0.68937 2.89488 0 P 9500 0
P 0.7354300000 2.96535 0 P 9500 0
P 0.81772 2.8559100000 0 P 9500 0
P 0.91504 2.8457500000 0 P 9500 0
P 0.74685 2.77953 0 P 9500 0
P 0.70866 2.7775600000 0 P 9500 0
P 1.21181 2.79055 0 P 9500 0
P 1.2689 2.81181 0 P 9500 0
P 1.26535 2.66063 0 P 9500 0
P 1.3996100000 2.71063 0 P 9500 0
P 1.53347 2.73819 0 P 9500 0
P 1.48622 2.8248 0 P 9500 0
P 1.5748 2.9133900000 0 P 9500 0
P 1.48583 3.0063 0 P 9500 0
P 1.31142 3.04724 0 P 9500 0
P 1.21181 3.04724 0 P 9500 0
P 1.1126000000 3.04724 0 P 9500 0
P 0.96457 3.15591 0 P 9500 0
P 1.0507900000 3.31024 0 P 9500 0
P 1.0507900000 3.3602400000 0 P 9500 0
P 1.0507900000 3.46063 0 P 9500 0
P 1.06299 3.61811 0 P 9500 0
P 1.01299 3.66181 0 P 9500 0
P 0.914170000 3.66968 0 P 9500 0
P 0.871650000 3.69882 0 P 9500 0
P 0.7354300000 3.61496 0 P 9500 0
P 0.68937 3.544490000 0 P 9500 0
P 0.60551 3.58307 0 P 9500 0
P 0.70866 3.42717 0 P 9500 0
P 0.74685 3.42913 0 P 9500 0
P 0.81772 3.50551 0 P 9500 0
P 0.91504 3.495350000 0 P 9500 0
P 1.21181 3.440160000 0 P 9500 0
P 1.2689 3.46142 0 P 9500 0
P 1.26535 3.31024 0 P 9500 0
P 1.3996100000 3.3602400000 0 P 9500 0
P 1.53347 3.38779 0 P 9500 0
P 1.48622 3.47441 0 P 9500 0
P 1.5748 3.562990000 0 P 9500 0
P 1.48583 3.65591 0 P 9500 0
P 1.31142 3.69685 0 P 9500 0
P 1.21181 3.69685 0 P 9500 0
P 1.1126000000 3.69685 0 P 9500 0
P 1.36496 3.1563 0 P 9500 0
P 1.36496 2.50669 0 P 9500 0
P 1.31142 2.39764 0 P 9500 0
P 1.21181 2.39764 0 P 9500 0
P 1.1126000000 2.39764 0 P 9500 0
P 1.21181 2.14094 0 P 9500 0
P 1.2689 2.1622 0 P 9500 0
P 1.48622 2.1752000000 0 P 9500 0
P 1.5748 2.26378 0 P 9500 0
P 1.48583 2.35669 0 P 9500 0
P 2.19006 2.37096 0 P 9500 0
P 2.25866 2.27559 0 P 9500 0
P 2.31142 2.32165 0 P 9500 0
P 2.37106 2.21161 0 P 9500 0
P 2.47559 2.28386 0 P 9500 0
P 2.55945 2.24528 0 P 9500 0
P 2.60551 2.31575 0 P 9500 0
P 2.57559 2.43032 0 P 9500 0
P 2.47677 2.43032 0 P 9500 0
P 2.37205 2.50905 0 P 9500 0
P 2.33583 2.7326800000 0 P 9500 0
P 2.2311 2.7326800000 0 P 9500 0
P 2.25866 2.9252000000 0 P 9500 0
P 2.31142 2.97126 0 P 9500 0
P 2.37106 2.86122 0 P 9500 0
P 2.47559 2.9334700000 0 P 9500 0
P 2.55945 2.89488 0 P 9500 0
P 2.60551 2.96535 0 P 9500 0
P 2.57559 3.07992 0 P 9500 0
P 2.47677 3.07992 0 P 9500 0
P 2.37205 3.1586600000 0 P 9500 0
P 2.33583 3.38228 0 P 9500 0
P 2.2311 3.38228 0 P 9500 0
P 2.25866 3.5748 0 P 9500 0
P 2.31142 3.62087 0 P 9500 0
P 2.37106 3.51083 0 P 9500 0
P 2.47559 3.58307 0 P 9500 0
P 2.55945 3.544490000 0 P 9500 0
P 2.60551 3.61496 0 P 9500 0
P 2.68779 3.50551 0 P 9500 0
P 2.78512 3.495350000 0 P 9500 0
P 2.92087 3.46063 0 P 9500 0
P 2.92087 3.3602400000 0 P 9500 0
P 2.92087 3.31024 0 P 9500 0
P 3.13543 3.31024 0 P 9500 0
P 3.13898 3.46142 0 P 9500 0
P 3.08189 3.440160000 0 P 9500 0
P 3.08189 3.69685 0 P 9500 0
P 2.9826800000 3.69685 0 P 9500 0
P 2.93307 3.61811 0 P 9500 0
P 2.88307 3.66181 0 P 9500 0
P 2.78425 3.66968 0 P 9500 0
P 2.74173 3.69882 0 P 9500 0
P 2.61693 3.42913 0 P 9500 0
P 2.57874000 3.42717 0 P 9500 0
P 2.83465 3.15591 0 P 9500 0
P 2.78425 3.02008 0 P 9500 0
P 2.74173 3.04921 0 P 9500 0
P 2.88307 3.0122 0 P 9500 0
P 2.93307 2.9685 0 P 9500 0
P 2.9826800000 3.04724 0 P 9500 0
P 3.08189 3.04724 0 P 9500 0
P 3.1815 3.04724 0 P 9500 0
P 3.23504 3.1563 0 P 9500 0
P 3.26969 3.3602400000 0 P 9500 0
P 3.40354 3.38779 0 P 9500 0
P 3.3563 3.47441 0 P 9500 0
P 3.44488 3.562990000 0 P 9500 0
P 3.3559100000 3.65591 0 P 9500 0
P 3.1815 3.69685 0 P 9500 0
P 3.3559100000 3.0063 0 P 9500 0
P 3.3563 2.8248 0 P 9500 0
P 3.40354 2.73819 0 P 9500 0
P 3.26969 2.71063 0 P 9500 0
P 3.13543 2.66063 0 P 9500 0
P 3.13898 2.81181 0 P 9500 0
P 3.08189 2.79055 0 P 9500 0
P 2.92087 2.81102 0 P 9500 0
P 2.92087 2.71063 0 P 9500 0
P 2.92087 2.66063 0 P 9500 0
P 2.83465 2.5063 0 P 9500 0
P 2.78425 2.3704700000 0 P 9500 0
P 2.74173 2.39961 0 P 9500 0
P 2.88307 2.3626 0 P 9500 0
P 2.93307 2.3189 0 P 9500 0
P 2.9826800000 2.39764 0 P 9500 0
P 3.08189 2.39764 0 P 9500 0
P 3.1815 2.39764 0 P 9500 0
P 3.23504 2.50669 0 P 9500 0
P 3.3559100000 2.35669 0 P 9500 0
P 3.3563 2.1752000000 0 P 9500 0
P 3.44488 2.26378 0 P 9500 0
P 3.13898 2.1622 0 P 9500 0
P 3.08189 2.14094 0 P 9500 0
P 2.92087 2.16142 0 P 9500 0
P 2.78512 2.1961400000 0 P 9500 0
P 2.68779 2.2063 0 P 9500 0
P 2.61693 2.77953 0 P 9500 0
P 2.57874000 2.7775600000 0 P 9500 0
P 2.68779 2.8559100000 0 P 9500 0
P 2.78512 2.8457500000 0 P 9500 0
P 3.44488 2.9133900000 0 P 9500 0
P 2.19006 3.02057 0 P 9500 0
P 2.19006 3.67018 0 P 9500 0
P 2.37205 3.80827 0 P 9500 0
P 2.47677 3.72953 0 P 9500 0
P 2.57559 3.72953 0 P 9500 0
P 2.83465 3.80551 0 P 9500 0
P 3.23504 3.80591 0 P 9500 0
P 1.36496 3.80591 0 P 9500 0
P 0.96457 3.80551 0 P 9500 0
P 0.70551 3.72953 0 P 9500 0
P 0.60669 3.72953 0 P 9500 0
P 0.50197 3.80827 0 P 9500 0
P 0.51142 0.08543 1 P 9501 0
P 0.61142 0.08543 1 P 9501 0
P 0.7114200000 0.08543 1 P 9501 0
P 0.8114200000 0.08543 1 P 9501 0
P 2.3815 0.08543 1 P 9501 0
P 2.4815 0.08543 1 P 9501 0
P 2.5815 0.08543 1 P 9501 0
P 2.6815 0.08543 1 P 9501 0
P 2.6815 0.7350400000 1 P 9501 0
P 2.5815 0.7350400000 1 P 9501 0
P 2.4815 0.7350400000 1 P 9501 0
P 2.3815 0.7350400000 1 P 9501 0
P 2.3815 1.38465 1 P 9501 0
P 2.4815 1.38465 1 P 9501 0
P 2.5815 1.38465 1 P 9501 0
P 2.6815 1.38465 1 P 9501 0
P 2.6815 2.03425 1 P 9501 0
P 2.5815 2.03425 1 P 9501 0
P 2.4815 2.03425 1 P 9501 0
P 2.3815 2.03425 1 P 9501 0
P 0.8114200000 2.03425 1 P 9501 0
P 0.7114200000 2.03425 1 P 9501 0
P 0.61142 2.03425 1 P 9501 0
P 0.61142 1.38465 1 P 9501 0
P 0.7114200000 1.38465 1 P 9501 0
P 0.8114200000 1.38465 1 P 9501 0
P 0.8114200000 0.7350400000 1 P 9501 0
P 0.7114200000 0.7350400000 1 P 9501 0
P 0.61142 0.7350400000 1 P 9501 0
P 0.51142 0.7350400000 1 P 9501 0
P 0.51142 1.38465 1 P 9501 0
P 0.51142 2.03425 1 P 9501 0
P 0.51142 2.68386 1 P 9501 0
P 0.51142 3.3334700000 1 P 9501 0
P 0.61142 3.3334700000 1 P 9501 0
P 0.7114200000 3.3334700000 1 P 9501 0
P 0.8114200000 3.3334700000 1 P 9501 0
P 0.8114200000 2.68386 1 P 9501 0
P 0.7114200000 2.68386 1 P 9501 0
P 0.61142 2.68386 1 P 9501 0
P 2.3815 2.68386 1 P 9501 0
P 2.4815 2.68386 1 P 9501 0
P 2.5815 2.68386 1 P 9501 0
P 2.6815 2.68386 1 P 9501 0
P 2.6815 3.3334700000 1 P 9501 0
P 2.5815 3.3334700000 1 P 9501 0
P 2.4815 3.3334700000 1 P 9501 0
P 2.3815 3.3334700000 1 P 9501 0
P 0.2086600000 0.17717 2 P 9502 0
P 0.2086600000 0.27559 2 P 9502 0
P 0.2086600000 0.35433 2 P 9502 0
P 0.2086600000 0.45276 2 P 9502 0
P 2.078740000 0.45276 2 P 9502 0
P 2.078740000 0.35433 2 P 9502 0
P 2.078740000 0.27559 2 P 9502 0
P 2.078740000 0.17717 2 P 9502 0
P 2.078740000 0.82677 2 P 9502 0
P 2.078740000 0.9252 2 P 9502 0
P 2.078740000 1.00394 2 P 9502 0
P 2.078740000 1.10236 2 P 9502 0
P 2.078740000 1.47638 2 P 9502 0
P 2.078740000 1.5748 2 P 9502 0
P 2.078740000 1.65354 2 P 9502 0
P 2.078740000 1.75197 2 P 9502 0
P 2.078740000 2.12598 2 P 9502 0
P 0.2086600000 2.12598 2 P 9502 0
P 0.2086600000 1.75197 2 P 9502 0
P 0.2086600000 1.65354 2 P 9502 0
P 0.2086600000 1.5748 2 P 9502 0
P 0.2086600000 1.47638 2 P 9502 0
P 0.2086600000 1.10236 2 P 9502 0
P 0.2086600000 1.00394 2 P 9502 0
P 0.2086600000 0.9252 2 P 9502 0
P 0.2086600000 0.82677 2 P 9502 0
P 0.2086600000 2.2244100000 2 P 9502 0
P 0.2086600000 2.30315 2 P 9502 0
P 0.2086600000 2.40158 2 P 9502 0
P 0.2086600000 2.77559 2 P 9502 0
P 0.2086600000 2.8740200000 2 P 9502 0
P 0.2086600000 2.95276 2 P 9502 0
P 0.2086600000 3.05118 2 P 9502 0
P 0.2086600000 3.4252000000 2 P 9502 0
P 0.2086600000 3.523620000 2 P 9502 0
P 0.2086600000 3.60236 2 P 9502 0
P 0.2086600000 3.70079 2 P 9502 0
P 2.078740000 3.70079 2 P 9502 0
P 2.078740000 3.60236 2 P 9502 0
P 2.078740000 3.523620000 2 P 9502 0
P 2.078740000 3.4252000000 2 P 9502 0
P 2.078740000 3.05118 2 P 9502 0
P 2.078740000 2.95276 2 P 9502 0
P 2.078740000 2.8740200000 2 P 9502 0
P 2.078740000 2.77559 2 P 9502 0
P 2.078740000 2.40158 2 P 9502 0
P 2.078740000 2.30315 2 P 9502 0
P 2.078740000 2.2244100000 2 P 9502 0
P 0.12598 0.22638 3 P 9503 0
P 0.12598 0.40354 3 P 9503 0
P 1.99606 0.40354 3 P 9503 0
P 1.99606 0.22638 3 P 9503 0
P 1.99606 0.87598 3 P 9503 0
P 1.99606 1.05315 3 P 9503 0
P 1.99606 1.52559 3 P 9503 0
P 1.99606 1.70276 3 P 9503 0
P 0.12598 1.70276 3 P 9503 0
P 0.12598 1.52559 3 P 9503 0
P 0.12598 1.05315 3 P 9503 0
P 0.12598 0.87598 3 P 9503 0
P 0.12598 2.1752000000 3 P 9503 0
P 0.12598 2.35236 3 P 9503 0
P 0.12598 2.8248 3 P 9503 0
P 0.12598 3.0019700000 3 P 9503 0
P 0.12598 3.47441 3 P 9503 0
P 0.12598 3.65158 3 P 9503 0
P 1.99606 3.65158 3 P 9503 0
P 1.99606 3.47441 3 P 9503 0
P 1.99606 3.0019700000 3 P 9503 0
P 1.99606 2.8248 3 P 9503 0
P 1.99606 2.35236 3 P 9503 0
P 1.99606 2.1752000000 3 P 9503 0
