
#
#Feature symbol names
#
$0 oval204.85x86.74
$1 rect53.280x61.15
$2 rect61.15x53.280
$3 r68
$4 rect68x68
$5 oval86.74x55.240
$6 oval86.74x55.240
$7 oval165.48x82.8
$8 r39.5

#
#Layer features
#
P 1.71535 0.1513800000 0 P 32 0
P 1.71535 0.26043 0 P 32 0
P 1.71535 0.36949 0 P 32 0
P 1.71535 0.47854 0 P 32 0
P 3.585430000 0.1513800000 0 P 32 0
P 3.585430000 0.26043 0 P 32 0
P 3.585430000 0.36949 0 P 32 0
P 3.585430000 0.47854 0 P 32 0
P 1.71535 0.80098 0 P 32 0
P 1.71535 0.91004 0 P 32 0
P 1.71535 1.01909 0 P 32 0
P 1.71535 1.12815 0 P 32 0
P 3.585430000 0.80098 0 P 32 0
P 3.585430000 0.91004 0 P 32 0
P 3.585430000 1.01909 0 P 32 0
P 3.585430000 1.12815 0 P 32 0
P 1.71535 1.4505900000 0 P 32 0
P 1.71535 1.55965 0 P 32 0
P 1.71535 1.6687 0 P 32 0
P 1.71535 1.77776 0 P 32 0
P 3.585430000 1.4505900000 0 P 32 0
P 3.585430000 1.55965 0 P 32 0
P 3.585430000 1.6687 0 P 32 0
P 3.585430000 1.77776 0 P 32 0
P 1.71535 2.1002000000 0 P 32 0
P 1.71535 2.20925 0 P 32 0
P 1.71535 2.31831 0 P 32 0
P 1.71535 2.42736 0 P 32 0
P 3.585430000 2.1002000000 0 P 32 0
P 3.585430000 2.20925 0 P 32 0
P 3.585430000 2.31831 0 P 32 0
P 3.585430000 2.42736 0 P 32 0
P 1.71535 2.7498 0 P 32 0
P 1.71535 2.85886 0 P 32 0
P 1.71535 2.96791 0 P 32 0
P 1.71535 3.0769700000 0 P 32 0
P 3.585430000 2.7498 0 P 32 0
P 3.585430000 2.85886 0 P 32 0
P 3.585430000 2.96791 0 P 32 0
P 3.585430000 3.0769700000 0 P 32 0
P 1.71535 3.39941 0 P 32 0
P 1.71535 3.50847 0 P 32 0
P 1.71535 3.61752 0 P 32 0
P 1.71535 3.72657 0 P 32 0
P 3.585430000 3.39941 0 P 32 0
P 3.585430000 3.50847 0 P 32 0
P 3.585430000 3.61752 0 P 32 0
P 3.585430000 3.72657 0 P 32 0
P 0.49626 0.4815 1 P 43 0
P 0.56516 0.4815 1 P 43 0
P 0.81949 0.4815 1 P 43 0
P 0.75059 0.4815 1 P 43 0
P 0.49705 0.33465 1 P 43 0
P 0.56595 0.33465 1 P 43 0
P 2.36634 0.4815 1 P 43 0
P 2.43524000 0.4815 1 P 43 0
P 2.68957 0.4815 1 P 43 0
P 2.62067 0.4815 1 P 43 0
P 2.36713 0.33465 1 P 43 0
P 2.43602 0.33465 1 P 43 0
P 0.49626 1.1311 1 P 43 0
P 0.56516 1.1311 1 P 43 0
P 0.81949 1.1311 1 P 43 0
P 0.75059 1.1311 1 P 43 0
P 0.49705 0.98425 1 P 43 0
P 0.56595 0.98425 1 P 43 0
P 2.36634 1.1311 1 P 43 0
P 2.43524000 1.1311 1 P 43 0
P 2.68957 1.1311 1 P 43 0
P 2.62067 1.1311 1 P 43 0
P 2.36713 0.98425 1 P 43 0
P 2.43602 0.98425 1 P 43 0
P 0.49626 1.78071 1 P 43 0
P 0.56516 1.78071 1 P 43 0
P 0.81949 1.78071 1 P 43 0
P 0.75059 1.78071 1 P 43 0
P 0.49705 1.6338600000 1 P 43 0
P 0.56595 1.6338600000 1 P 43 0
P 2.36634 1.78071 1 P 43 0
P 2.43524000 1.78071 1 P 43 0
P 2.68957 1.78071 1 P 43 0
P 2.62067 1.78071 1 P 43 0
P 2.36713 1.6338600000 1 P 43 0
P 2.43602 1.6338600000 1 P 43 0
P 0.49626 2.43032 1 P 43 0
P 0.56516 2.43032 1 P 43 0
P 0.81949 2.43032 1 P 43 0
P 0.75059 2.43032 1 P 43 0
P 0.49705 2.28346000 1 P 43 0
P 0.56595 2.28346000 1 P 43 0
P 2.36634 2.43032 1 P 43 0
P 2.43524000 2.43032 1 P 43 0
P 2.68957 2.43032 1 P 43 0
P 2.62067 2.43032 1 P 43 0
P 2.36713 2.28346000 1 P 43 0
P 2.43602 2.28346000 1 P 43 0
P 0.49626 3.07992 1 P 43 0
P 0.56516 3.07992 1 P 43 0
P 0.81949 3.07992 1 P 43 0
P 0.75059 3.07992 1 P 43 0
P 0.49705 2.93307 1 P 43 0
P 0.56595 2.93307 1 P 43 0
P 2.36634 3.07992 1 P 43 0
P 2.43524000 3.07992 1 P 43 0
P 2.68957 3.07992 1 P 43 0
P 2.62067 3.07992 1 P 43 0
P 2.36713 2.93307 1 P 43 0
P 2.43602 2.93307 1 P 43 0
P 0.49626 3.72953 1 P 43 0
P 0.56516 3.72953 1 P 43 0
P 0.81949 3.72953 1 P 43 0
P 0.75059 3.72953 1 P 43 0
P 0.49705 3.58268 1 P 43 0
P 0.56595 3.58268 1 P 43 0
P 2.36634 3.72953 1 P 43 0
P 2.43524000 3.72953 1 P 43 0
P 2.68957 3.72953 1 P 43 0
P 2.62067 3.72953 1 P 43 0
P 2.36713 3.58268 1 P 43 0
P 2.43602 3.58268 1 P 43 0
P 1.21176 0.062010000 2 P 44 0
P 1.21176 0.13091 2 P 44 0
P 0.8179100000 0.29823 2 P 44 0
P 0.8179100000 0.36713 2 P 44 0
P 1.1130500000 0.36516 2 P 44 0
P 1.1130500000 0.2962600000 2 P 44 0
P 1.01435 0.36595 2 P 44 0
P 1.01435 0.29705 2 P 44 0
P 0.91564 0.48878 2 P 44 0
P 0.91564 0.55768000 2 P 44 0
P 0.31220000 0.13406 2 P 44 0
P 0.31220000 0.065160000 2 P 44 0
P 0.41181 0.13406 2 P 44 0
P 0.41181 0.065160000 2 P 44 0
P 1.31063 0.13091 2 P 44 0
P 1.31063 0.062010000 2 P 44 0
P 1.48622 0.2805 2 P 44 0
P 1.48622 0.34941 2 P 44 0
P 1.21176 0.2962600000 2 P 44 0
P 1.21176 0.36516 2 P 44 0
P 1.1130500000 0.55768000 2 P 44 0
P 1.1130500000 0.48878 2 P 44 0
P 1.21176 0.55768000 2 P 44 0
P 1.21176 0.48878 2 P 44 0
P 0.91504 0.36595 2 P 44 0
P 0.91504 0.29705 2 P 44 0
P 1.01435 0.48878 2 P 44 0
P 1.01435 0.55768000 2 P 44 0
P 3.08184 0.062010000 2 P 44 0
P 3.08184 0.13091 2 P 44 0
P 2.6879900000 0.29823 2 P 44 0
P 2.6879900000 0.36713 2 P 44 0
P 2.98313 0.36516 2 P 44 0
P 2.98313 0.2962600000 2 P 44 0
P 2.88442 0.36595 2 P 44 0
P 2.88442 0.29705 2 P 44 0
P 2.78572 0.48878 2 P 44 0
P 2.78572 0.55768000 2 P 44 0
P 2.18228 0.13406 2 P 44 0
P 2.18228 0.065160000 2 P 44 0
P 2.2818900000 0.13406 2 P 44 0
P 2.2818900000 0.065160000 2 P 44 0
P 3.18071 0.13091 2 P 44 0
P 3.18071 0.062010000 2 P 44 0
P 3.3563 0.2805 2 P 44 0
P 3.3563 0.34941 2 P 44 0
P 3.08184 0.2962600000 2 P 44 0
P 3.08184 0.36516 2 P 44 0
P 2.98313 0.55768000 2 P 44 0
P 2.98313 0.48878 2 P 44 0
P 3.08184 0.55768000 2 P 44 0
P 3.08184 0.48878 2 P 44 0
P 2.78512 0.36595 2 P 44 0
P 2.78512 0.29705 2 P 44 0
P 2.88442 0.48878 2 P 44 0
P 2.88442 0.55768000 2 P 44 0
P 1.21176 0.71161 2 P 44 0
P 1.21176 0.78051 2 P 44 0
P 0.8179100000 0.94784 2 P 44 0
P 0.8179100000 1.016730000 2 P 44 0
P 1.1130500000 1.0147600000 2 P 44 0
P 1.1130500000 0.94587 2 P 44 0
P 1.01435 1.01555 2 P 44 0
P 1.01435 0.94665 2 P 44 0
P 0.91564 1.13839 2 P 44 0
P 0.91564 1.20728000 2 P 44 0
P 0.31220000 0.78366 2 P 44 0
P 0.31220000 0.7147600000 2 P 44 0
P 0.41181 0.78366 2 P 44 0
P 0.41181 0.7147600000 2 P 44 0
P 1.31063 0.78051 2 P 44 0
P 1.31063 0.71161 2 P 44 0
P 1.48622 0.93012 2 P 44 0
P 1.48622 0.99902 2 P 44 0
P 1.21176 0.94587 2 P 44 0
P 1.21176 1.0147600000 2 P 44 0
P 1.1130500000 1.20728000 2 P 44 0
P 1.1130500000 1.13839 2 P 44 0
P 1.21176 1.20728000 2 P 44 0
P 1.21176 1.13839 2 P 44 0
P 0.91504 1.01555 2 P 44 0
P 0.91504 0.94665 2 P 44 0
P 1.01435 1.13839 2 P 44 0
P 1.01435 1.20728000 2 P 44 0
P 3.08184 0.71161 2 P 44 0
P 3.08184 0.78051 2 P 44 0
P 2.6879900000 0.94784 2 P 44 0
P 2.6879900000 1.016730000 2 P 44 0
P 2.98313 1.0147600000 2 P 44 0
P 2.98313 0.94587 2 P 44 0
P 2.88442 1.01555 2 P 44 0
P 2.88442 0.94665 2 P 44 0
P 2.78572 1.13839 2 P 44 0
P 2.78572 1.20728000 2 P 44 0
P 2.18228 0.78366 2 P 44 0
P 2.18228 0.7147600000 2 P 44 0
P 2.2818900000 0.78366 2 P 44 0
P 2.2818900000 0.7147600000 2 P 44 0
P 3.18071 0.78051 2 P 44 0
P 3.18071 0.71161 2 P 44 0
P 3.3563 0.93012 2 P 44 0
P 3.3563 0.99902 2 P 44 0
P 3.08184 0.94587 2 P 44 0
P 3.08184 1.0147600000 2 P 44 0
P 2.98313 1.20728000 2 P 44 0
P 2.98313 1.13839 2 P 44 0
P 3.08184 1.20728000 2 P 44 0
P 3.08184 1.13839 2 P 44 0
P 2.78512 1.01555 2 P 44 0
P 2.78512 0.94665 2 P 44 0
P 2.88442 1.13839 2 P 44 0
P 2.88442 1.20728000 2 P 44 0
P 1.21176 1.36122 2 P 44 0
P 1.21176 1.4301200000 2 P 44 0
P 0.8179100000 1.59744 2 P 44 0
P 0.8179100000 1.66634 2 P 44 0
P 1.1130500000 1.6643700 2 P 44 0
P 1.1130500000 1.59547 2 P 44 0
P 1.01435 1.66516 2 P 44 0
P 1.01435 1.59626 2 P 44 0
P 0.91564 1.78799 2 P 44 0
P 0.91564 1.85689 2 P 44 0
P 0.31220000 1.43327 2 P 44 0
P 0.31220000 1.3643700000 2 P 44 0
P 0.41181 1.43327 2 P 44 0
P 0.41181 1.3643700000 2 P 44 0
P 1.31063 1.4301200000 2 P 44 0
P 1.31063 1.36122 2 P 44 0
P 1.48622 1.57972 2 P 44 0
P 1.48622 1.64862 2 P 44 0
P 1.21176 1.59547 2 P 44 0
P 1.21176 1.6643700 2 P 44 0
P 1.1130500000 1.85689 2 P 44 0
P 1.1130500000 1.78799 2 P 44 0
P 1.21176 1.85689 2 P 44 0
P 1.21176 1.78799 2 P 44 0
P 0.91504 1.66516 2 P 44 0
P 0.91504 1.59626 2 P 44 0
P 1.01435 1.78799 2 P 44 0
P 1.01435 1.85689 2 P 44 0
P 3.08184 1.36122 2 P 44 0
P 3.08184 1.4301200000 2 P 44 0
P 2.6879900000 1.59744 2 P 44 0
P 2.6879900000 1.66634 2 P 44 0
P 2.98313 1.6643700 2 P 44 0
P 2.98313 1.59547 2 P 44 0
P 2.88442 1.66516 2 P 44 0
P 2.88442 1.59626 2 P 44 0
P 2.78572 1.78799 2 P 44 0
P 2.78572 1.85689 2 P 44 0
P 2.18228 1.43327 2 P 44 0
P 2.18228 1.3643700000 2 P 44 0
P 2.2818900000 1.43327 2 P 44 0
P 2.2818900000 1.3643700000 2 P 44 0
P 3.18071 1.4301200000 2 P 44 0
P 3.18071 1.36122 2 P 44 0
P 3.3563 1.57972 2 P 44 0
P 3.3563 1.64862 2 P 44 0
P 3.08184 1.59547 2 P 44 0
P 3.08184 1.6643700 2 P 44 0
P 2.98313 1.85689 2 P 44 0
P 2.98313 1.78799 2 P 44 0
P 3.08184 1.85689 2 P 44 0
P 3.08184 1.78799 2 P 44 0
P 2.78512 1.66516 2 P 44 0
P 2.78512 1.59626 2 P 44 0
P 2.88442 1.78799 2 P 44 0
P 2.88442 1.85689 2 P 44 0
P 1.21176 2.01083 2 P 44 0
P 1.21176 2.07972 2 P 44 0
P 0.8179100000 2.24705 2 P 44 0
P 0.8179100000 2.31594 2 P 44 0
P 1.1130500000 2.31398 2 P 44 0
P 1.1130500000 2.2450800000 2 P 44 0
P 1.01435 2.31476 2 P 44 0
P 1.01435 2.24587 2 P 44 0
P 0.91564 2.4376000000 2 P 44 0
P 0.91564 2.5065 2 P 44 0
P 0.31220000 2.0828700000 2 P 44 0
P 0.31220000 2.01398 2 P 44 0
P 0.41181 2.0828700000 2 P 44 0
P 0.41181 2.01398 2 P 44 0
P 1.31063 2.07972 2 P 44 0
P 1.31063 2.01083 2 P 44 0
P 1.48622 2.22933 2 P 44 0
P 1.48622 2.29823 2 P 44 0
P 1.21176 2.2450800000 2 P 44 0
P 1.21176 2.31398 2 P 44 0
P 1.1130500000 2.5065 2 P 44 0
P 1.1130500000 2.4376000000 2 P 44 0
P 1.21176 2.5065 2 P 44 0
P 1.21176 2.4376000000 2 P 44 0
P 0.91504 2.31476 2 P 44 0
P 0.91504 2.24587 2 P 44 0
P 1.01435 2.4376000000 2 P 44 0
P 1.01435 2.5065 2 P 44 0
P 3.08184 2.01083 2 P 44 0
P 3.08184 2.07972 2 P 44 0
P 2.6879900000 2.24705 2 P 44 0
P 2.6879900000 2.31594 2 P 44 0
P 2.98313 2.31398 2 P 44 0
P 2.98313 2.2450800000 2 P 44 0
P 2.88442 2.31476 2 P 44 0
P 2.88442 2.24587 2 P 44 0
P 2.78572 2.4376000000 2 P 44 0
P 2.78572 2.5065 2 P 44 0
P 2.18228 2.0828700000 2 P 44 0
P 2.18228 2.01398 2 P 44 0
P 2.2818900000 2.0828700000 2 P 44 0
P 2.2818900000 2.01398 2 P 44 0
P 3.18071 2.07972 2 P 44 0
P 3.18071 2.01083 2 P 44 0
P 3.3563 2.22933 2 P 44 0
P 3.3563 2.29823 2 P 44 0
P 3.08184 2.2450800000 2 P 44 0
P 3.08184 2.31398 2 P 44 0
P 2.98313 2.5065 2 P 44 0
P 2.98313 2.4376000000 2 P 44 0
P 3.08184 2.5065 2 P 44 0
P 3.08184 2.4376000000 2 P 44 0
P 2.78512 2.31476 2 P 44 0
P 2.78512 2.24587 2 P 44 0
P 2.88442 2.4376000000 2 P 44 0
P 2.88442 2.5065 2 P 44 0
P 1.21176 2.66043000 2 P 44 0
P 1.21176 2.72933 2 P 44 0
P 0.8179100000 2.89665 2 P 44 0
P 0.8179100000 2.96555 2 P 44 0
P 1.1130500000 2.96358 2 P 44 0
P 1.1130500000 2.89469 2 P 44 0
P 1.01435 2.9643700000 2 P 44 0
P 1.01435 2.89547 2 P 44 0
P 0.91564 3.0872000000 2 P 44 0
P 0.91564 3.1561 2 P 44 0
P 0.31220000 2.7324800000 2 P 44 0
P 0.31220000 2.66358 2 P 44 0
P 0.41181 2.7324800000 2 P 44 0
P 0.41181 2.66358 2 P 44 0
P 1.31063 2.72933 2 P 44 0
P 1.31063 2.66043000 2 P 44 0
P 1.48622 2.87894 2 P 44 0
P 1.48622 2.9478300000 2 P 44 0
P 1.21176 2.89469 2 P 44 0
P 1.21176 2.96358 2 P 44 0
P 1.1130500000 3.1561 2 P 44 0
P 1.1130500000 3.0872000000 2 P 44 0
P 1.21176 3.1561 2 P 44 0
P 1.21176 3.0872000000 2 P 44 0
P 0.91504 2.9643700000 2 P 44 0
P 0.91504 2.89547 2 P 44 0
P 1.01435 3.0872000000 2 P 44 0
P 1.01435 3.1561 2 P 44 0
P 3.08184 2.66043000 2 P 44 0
P 3.08184 2.72933 2 P 44 0
P 2.6879900000 2.89665 2 P 44 0
P 2.6879900000 2.96555 2 P 44 0
P 2.98313 2.96358 2 P 44 0
P 2.98313 2.89469 2 P 44 0
P 2.88442 2.9643700000 2 P 44 0
P 2.88442 2.89547 2 P 44 0
P 2.78572 3.0872000000 2 P 44 0
P 2.78572 3.1561 2 P 44 0
P 2.18228 2.7324800000 2 P 44 0
P 2.18228 2.66358 2 P 44 0
P 2.2818900000 2.7324800000 2 P 44 0
P 2.2818900000 2.66358 2 P 44 0
P 3.18071 2.72933 2 P 44 0
P 3.18071 2.66043000 2 P 44 0
P 3.3563 2.87894 2 P 44 0
P 3.3563 2.9478300000 2 P 44 0
P 3.08184 2.89469 2 P 44 0
P 3.08184 2.96358 2 P 44 0
P 2.98313 3.1561 2 P 44 0
P 2.98313 3.0872000000 2 P 44 0
P 3.08184 3.1561 2 P 44 0
P 3.08184 3.0872000000 2 P 44 0
P 2.78512 2.9643700000 2 P 44 0
P 2.78512 2.89547 2 P 44 0
P 2.88442 3.0872000000 2 P 44 0
P 2.88442 3.1561 2 P 44 0
P 1.21176 3.31004 2 P 44 0
P 1.21176 3.37894 2 P 44 0
P 0.8179100000 3.54626 2 P 44 0
P 0.8179100000 3.61516 2 P 44 0
P 1.1130500000 3.61319 2 P 44 0
P 1.1130500000 3.54429 2 P 44 0
P 1.01435 3.61398 2 P 44 0
P 1.01435 3.54508 2 P 44 0
P 0.91564 3.736810000 2 P 44 0
P 0.91564 3.80571 2 P 44 0
P 0.31220000 3.38209 2 P 44 0
P 0.31220000 3.31319 2 P 44 0
P 0.41181 3.38209 2 P 44 0
P 0.41181 3.31319 2 P 44 0
P 1.31063 3.37894 2 P 44 0
P 1.31063 3.31004 2 P 44 0
P 1.48622 3.52854 2 P 44 0
P 1.48622 3.59744 2 P 44 0
P 1.21176 3.54429 2 P 44 0
P 1.21176 3.61319 2 P 44 0
P 1.1130500000 3.80571 2 P 44 0
P 1.1130500000 3.736810000 2 P 44 0
P 1.21176 3.80571 2 P 44 0
P 1.21176 3.736810000 2 P 44 0
P 0.91504 3.61398 2 P 44 0
P 0.91504 3.54508 2 P 44 0
P 1.01435 3.736810000 2 P 44 0
P 1.01435 3.80571 2 P 44 0
P 3.08184 3.31004 2 P 44 0
P 3.08184 3.37894 2 P 44 0
P 2.6879900000 3.54626 2 P 44 0
P 2.6879900000 3.61516 2 P 44 0
P 2.98313 3.61319 2 P 44 0
P 2.98313 3.54429 2 P 44 0
P 2.88442 3.61398 2 P 44 0
P 2.88442 3.54508 2 P 44 0
P 2.78572 3.736810000 2 P 44 0
P 2.78572 3.80571 2 P 44 0
P 2.18228 3.38209 2 P 44 0
P 2.18228 3.31319 2 P 44 0
P 2.2818900000 3.38209 2 P 44 0
P 2.2818900000 3.31319 2 P 44 0
P 3.18071 3.37894 2 P 44 0
P 3.18071 3.31004 2 P 44 0
P 3.3563 3.52854 2 P 44 0
P 3.3563 3.59744 2 P 44 0
P 3.08184 3.54429 2 P 44 0
P 3.08184 3.61319 2 P 44 0
P 2.98313 3.80571 2 P 44 0
P 2.98313 3.736810000 2 P 44 0
P 3.08184 3.80571 2 P 44 0
P 3.08184 3.736810000 2 P 44 0
P 2.78512 3.61398 2 P 44 0
P 2.78512 3.54508 2 P 44 0
P 2.88442 3.736810000 2 P 44 0
P 2.88442 3.80571 2 P 44 0
P 0.51142 0.08543 3 P 45 0
P 0.7114200000 0.08543 3 P 45 0
P 0.61142 0.08543 3 P 45 0
P 2.3815 0.08543 3 P 45 0
P 2.5815 0.08543 3 P 45 0
P 2.4815 0.08543 3 P 45 0
P 0.51142 0.7350400000 3 P 45 0
P 0.7114200000 0.7350400000 3 P 45 0
P 0.61142 0.7350400000 3 P 45 0
P 2.3815 0.7350400000 3 P 45 0
P 2.5815 0.7350400000 3 P 45 0
P 2.4815 0.7350400000 3 P 45 0
P 0.51142 1.38465 3 P 45 0
P 0.7114200000 1.38465 3 P 45 0
P 0.61142 1.38465 3 P 45 0
P 2.3815 1.38465 3 P 45 0
P 2.5815 1.38465 3 P 45 0
P 2.4815 1.38465 3 P 45 0
P 0.51142 2.03425 3 P 45 0
P 0.7114200000 2.03425 3 P 45 0
P 0.61142 2.03425 3 P 45 0
P 2.3815 2.03425 3 P 45 0
P 2.5815 2.03425 3 P 45 0
P 2.4815 2.03425 3 P 45 0
P 0.51142 2.68386 3 P 45 0
P 0.7114200000 2.68386 3 P 45 0
P 0.61142 2.68386 3 P 45 0
P 2.3815 2.68386 3 P 45 0
P 2.5815 2.68386 3 P 45 0
P 2.4815 2.68386 3 P 45 0
P 0.51142 3.3334700000 3 P 45 0
P 0.7114200000 3.3334700000 3 P 45 0
P 0.61142 3.3334700000 3 P 45 0
P 2.3815 3.3334700000 3 P 45 0
P 2.5815 3.3334700000 3 P 45 0
P 2.4815 3.3334700000 3 P 45 0
P 0.8114200000 0.08543 4 P 46 0
P 2.6815 0.08543 4 P 46 0
P 0.8114200000 0.7350400000 4 P 46 0
P 2.6815 0.7350400000 4 P 46 0
P 0.8114200000 1.38465 4 P 46 0
P 2.6815 1.38465 4 P 46 0
P 0.8114200000 2.03425 4 P 46 0
P 2.6815 2.03425 4 P 46 0
P 0.8114200000 2.68386 4 P 46 0
P 2.6815 2.68386 4 P 46 0
P 0.8114200000 3.3334700000 4 P 46 0
P 2.6815 3.3334700000 4 P 46 0
P 0.2086600000 0.45276 5 P 47 0
P 0.2086600000 0.17717 5 P 47 0
P 2.078740000 0.45276 5 P 47 0
P 2.078740000 0.17717 5 P 47 0
P 0.2086600000 1.10236 5 P 47 0
P 0.2086600000 0.82677 5 P 47 0
P 2.078740000 1.10236 5 P 47 0
P 2.078740000 0.82677 5 P 47 0
P 0.2086600000 1.75197 5 P 47 0
P 0.2086600000 1.47638 5 P 47 0
P 2.078740000 1.75197 5 P 47 0
P 2.078740000 1.47638 5 P 47 0
P 0.2086600000 2.40158 5 P 47 0
P 0.2086600000 2.12598 5 P 47 0
P 2.078740000 2.40158 5 P 47 0
P 2.078740000 2.12598 5 P 47 0
P 0.2086600000 3.05118 5 P 47 0
P 0.2086600000 2.77559 5 P 47 0
P 2.078740000 3.05118 5 P 47 0
P 2.078740000 2.77559 5 P 47 0
P 0.2086600000 3.70079 5 P 47 0
P 0.2086600000 3.4252000000 5 P 47 0
P 2.078740000 3.70079 5 P 47 0
P 2.078740000 3.4252000000 5 P 47 0
P 0.2086600000 0.35433 6 P 48 0
P 0.2086600000 0.27559 6 P 48 0
P 2.078740000 0.35433 6 P 48 0
P 2.078740000 0.27559 6 P 48 0
P 0.2086600000 1.00394 6 P 48 0
P 0.2086600000 0.9252 6 P 48 0
P 2.078740000 1.00394 6 P 48 0
P 2.078740000 0.9252 6 P 48 0
P 0.2086600000 1.65354 6 P 48 0
P 0.2086600000 1.5748 6 P 48 0
P 2.078740000 1.65354 6 P 48 0
P 2.078740000 1.5748 6 P 48 0
P 0.2086600000 2.30315 6 P 48 0
P 0.2086600000 2.2244100000 6 P 48 0
P 2.078740000 2.30315 6 P 48 0
P 2.078740000 2.2244100000 6 P 48 0
P 0.2086600000 2.95276 6 P 48 0
P 0.2086600000 2.8740200000 6 P 48 0
P 2.078740000 2.95276 6 P 48 0
P 2.078740000 2.8740200000 6 P 48 0
P 0.2086600000 3.60236 6 P 48 0
P 0.2086600000 3.523620000 6 P 48 0
P 2.078740000 3.60236 6 P 48 0
P 2.078740000 3.523620000 6 P 48 0
P 0.12598 0.54528 7 P 49 0
P 0.12598 0.08465 7 P 49 0
P 1.99606 0.54528 7 P 49 0
P 1.99606 0.08465 7 P 49 0
P 0.12598 1.19488 7 P 49 0
P 0.12598 0.73425 7 P 49 0
P 1.99606 1.19488 7 P 49 0
P 1.99606 0.73425 7 P 49 0
P 0.12598 1.84449 7 P 49 0
P 0.12598 1.3838600000 7 P 49 0
P 1.99606 1.84449 7 P 49 0
P 1.99606 1.3838600000 7 P 49 0
P 0.12598 2.4941 7 P 49 0
P 0.12598 2.033460000 7 P 49 0
P 1.99606 2.4941 7 P 49 0
P 1.99606 2.033460000 7 P 49 0
P 0.12598 3.1437 7 P 49 0
P 0.12598 2.68307 7 P 49 0
P 1.99606 3.1437 7 P 49 0
P 1.99606 2.68307 7 P 49 0
P 0.12598 3.79331 7 P 49 0
P 0.12598 3.33268 7 P 49 0
P 1.99606 3.79331 7 P 49 0
P 1.99606 3.33268 7 P 49 0
P 0.12598 0.40354 8 P 50 0
P 0.12598 0.22638 8 P 50 0
P 1.99606 0.40354 8 P 50 0
P 1.99606 0.22638 8 P 50 0
P 0.12598 1.05315 8 P 50 0
P 0.12598 0.87598 8 P 50 0
P 1.99606 1.05315 8 P 50 0
P 1.99606 0.87598 8 P 50 0
P 0.12598 1.70276 8 P 50 0
P 0.12598 1.52559 8 P 50 0
P 1.99606 1.70276 8 P 50 0
P 1.99606 1.52559 8 P 50 0
P 0.12598 2.35236 8 P 50 0
P 0.12598 2.1752000000 8 P 50 0
P 1.99606 2.35236 8 P 50 0
P 1.99606 2.1752000000 8 P 50 0
P 0.12598 3.0019700000 8 P 50 0
P 0.12598 2.8248 8 P 50 0
P 1.99606 3.0019700000 8 P 50 0
P 1.99606 2.8248 8 P 50 0
P 0.12598 3.65158 8 P 50 0
P 0.12598 3.47441 8 P 50 0
P 1.99606 3.65158 8 P 50 0
P 1.99606 3.47441 8 P 50 0
